"SOURCE ID: Author/Org, Date, Info",Link,World / Drawdown Region,Specific Geographic Location,Thermal-Moisture Regime,Source Validation Code,Year / Date,License Code,Raw Data Input,Original Units,Conversion calculation,Common Units,Weight,Assumptions,Exclude Data?
"Hawkins, T.R., Gausen, O.M. & Strømman, A.H. Int J Life Cycle Assess (2012) 17: 997. https://doi.org/10.1007/s11367-012-0440-9",http://link.springer.com/10.1007/s11367-012-0440-9,World,World/NiMH HEV (low),,1  - Peer Reviewed,2012,,,,312461.10689814953,passenger-km/Car,,"256 - reported value, unused, see explanation below.",
"Hawkins, T.R., Gausen, O.M. & Strømman, A.H. Int J Life Cycle Assess (2012) 17: 997. https://doi.org/10.1007/s11367-012-0440-9",http://link.springer.com/10.1007/s11367-012-0440-9,World,World/Li-ion HEV (low),,1  - Peer Reviewed,2012,,,,312461.10689814953,passenger-km/Car,,"256 - reported value, unused, see explanation below.",
"Hawkins, T.R., Gausen, O.M. & Strømman, A.H. Int J Life Cycle Assess (2012) 17: 997. https://doi.org/10.1007/s11367-012-0440-9",http://link.springer.com/10.1007/s11367-012-0440-9,World,World/Li-ion HEV,,1  - Peer Reviewed,2012,,,,312461.10689814953,passenger-km/Car,,"240 - reported value, unused, see explanation below.",
"Hawkins, T.R., Gausen, O.M. & Strømman, A.H. Int J Life Cycle Assess (2012) 17: 997. https://doi.org/10.1007/s11367-012-0440-9",http://link.springer.com/10.1007/s11367-012-0440-9,World,World/NiMH HEV (high),,1  - Peer Reviewed,2012,,,,312461.10689814953,passenger-km/Car,,"256 - reported value, unused, see explanation below.",
"Hawkins, T.R., Gausen, O.M. & Strømman, A.H. Int J Life Cycle Assess (2012) 17: 997. https://doi.org/10.1007/s11367-012-0440-9",http://link.springer.com/10.1007/s11367-012-0440-9,World,World/Li-ion HEV (high),,1  - Peer Reviewed,2012,,,,312461.10689814953,passenger-km/Car,,"256 - reported value, unused, see explanation below.",
"Hawkins, T.R., Gausen, O.M. & Strømman, A.H. Int J Life Cycle Assess (2012) 17: 997. https://doi.org/10.1007/s11367-012-0440-9",http://link.springer.com/10.1007/s11367-012-0440-9,World,World/Mercedes S 400 hybrid,,1  - Peer Reviewed,2012,,,,312461.10689814953,passenger-km/Car,,"300 - reported value, unused, see explanation below.",
